TP=92TN=94FN=13FP=4
Precision: 0.9583333333333334 Recall: 0.8761904761904762 F1: 0.9154228855721392 ACC: 0.916256157635468 AUC: 0.9836734693877551
