TP=97TN=86FN=3FP=14
Precision: 0.8738738738738738 Recall: 0.97 F1: 0.919431279620853 ACC: 0.915 AUC: 0.9864
