TP=98TN=85FN=2FP=15
Precision: 0.8672566371681416 Recall: 0.98 F1: 0.9201877934272301 ACC: 0.915 AUC: 0.9884
